8 
-1	99	157	86	212	198	318	119
99	-1	168	100	250	262	343	202
157	168	-1	232	88	130	174	133
86	100	232	-1	296	284	400	203
212	250	88	296	-1	69	107	130
198	262	130	284	69	-1	157	88
318	343	174	400	107	157	-1	236
119	202	133	203	130	88	236	-1
